------------------------------------------------------------------------------------------
0]]]]]00000000000000]]]]]000000000000]]]]]0000]]]]]000000000000000000]]]]]0000000000000000
------------------------------------------------------------------------------------------
0000]]]]]0000000000000]]]]]00]]]]]00000000000000000000]]]]]00000000000000000000]]]]]000000
------------------------------------------------------------------------------------------
000000000]]]]]0000000000]]]]]00000000000000]]]]]00000000000]]]]]00000000000000000000000000
------------------------------------------------------------------------------------------
00000000000]]]]]0000000000000000000000000000000]]]]]00000000000000000000000000000000000000
------------------------------------------------------------------------------------------
0000000000000000000000]]]]]0000000000000000000000]]]]]00000000000000000000]]]]]00000000000
------------------------------------------------------------------------------------------
00000]]]]]00000000000000000000000000000000000]]]]]00000000000]]]]]000000000000000000000000
------------------------------------------------------------------------------------------
0000000000000000000000000]]]]]0000000000000000000000000000000]]]]]000000000000000000000000
------------------------------------------------------------------------------------------
0000000000000000000000000000000000]]]]]0000000000000000000000000000]]]]]000000000000000000
------------------------------------------------------------------------------------------
00000]]]]]00000000000000]]]]]00000000000000000000]]]]]0000000000000000000000000]]]]]000000
------------------------------------------------------------------------------------------
0000000000000]]]]]00000000000000000000000]]]]]000000000000000]]]]]000000000000000000000000
------------------------------------------------------------------------------------------